+-----------+-----------+-----------+-----------+-----------+-----------+
|    Td     |    ID     |    Tj     |    Df     |    Dd     |    Db      |
+-----------+-----------+-----------+-----------+-----------+-----------+
|     4     |  2000     |     1     |     0     |     3     |     3      |
+-----------+-----------+-----------+-----------+-----------+-----------+
|     4     |  2001     |     2     |     0     |     2     |     2      |
+-----------+-----------+-----------+-----------+-----------+-----------+
|     5     |     5     |     2     |     0     |     3     |     3      |
+-----------+-----------+-----------+-----------+-----------+-----------+
|     8     |  2005     |     5     |     0     |     3     |     3      |
+-----------+-----------+-----------+-----------+-----------+-----------+
|     9     |  2009     |     8     |     0     |     1     |     1      |
+-----------+-----------+-----------+-----------+-----------+-----------+
|    10     |     4     |     2     |     0     |     8     |     8      |
+-----------+-----------+-----------+-----------+-----------+-----------+
|    10     |    13     |     6     |     0     |     4     |     4      |
+-----------+-----------+-----------+-----------+-----------+-----------+
|    11     |    10     |     4     |     1     |     6     |     7      |
+-----------+-----------+-----------+-----------+-----------+-----------+
|    11     |    14     |     6     |     0     |     5     |     5      |
+-----------+-----------+-----------+-----------+-----------+-----------+
|    11     |  2011     |     9     |     0     |     2     |     2      |
+-----------+-----------+-----------+-----------+-----------+-----------+
|    11     |     9     |     4     |     1     |     6     |     7      |
+-----------+-----------+-----------+-----------+-----------+-----------+
|    14     |  2012     |    10     |     0     |     4     |     4      |
+-----------+-----------+-----------+-----------+-----------+-----------+
|    16     |    19     |    12     |     0     |     4     |     4      |
+-----------+-----------+-----------+-----------+-----------+-----------+
|    16     |    20     |    12     |     0     |     4     |     4      |
+-----------+-----------+-----------+-----------+-----------+-----------+
|    18     |  2004     |     5     |     2     |    11     |    13      |
+-----------+-----------+-----------+-----------+-----------+-----------+
|    18     |     1     |     1     |     4     |    13     |    17      |
+-----------+-----------+-----------+-----------+-----------+-----------+
|    19     |  2019     |    17     |     0     |     2     |     2      |
+-----------+-----------+-----------+-----------+-----------+-----------+
|    20     |    22     |    16     |     0     |     4     |     4      |
+-----------+-----------+-----------+-----------+-----------+-----------+
|    20     |    23     |    16     |     0     |     4     |     4      |
+-----------+-----------+-----------+-----------+-----------+-----------+
|    20     |    21     |    15     |     0     |     5     |     5      |
+-----------+-----------+-----------+-----------+-----------+-----------+
|    21     |  2002     |     4     |     0     |    17     |    17      |
+-----------+-----------+-----------+-----------+-----------+-----------+
|    21     |  2006     |     6     |     1     |    14     |    15      |
+-----------+-----------+-----------+-----------+-----------+-----------+
|    21     |    24     |    16     |     1     |     4     |     5      |
+-----------+-----------+-----------+-----------+-----------+-----------+
|    21     |     8     |     3     |     0     |    18     |    18      |
+-----------+-----------+-----------+-----------+-----------+-----------+
|    23     |    25     |    20     |     0     |     3     |     3      |
+-----------+-----------+-----------+-----------+-----------+-----------+
|    24     |  2021     |    21     |     0     |     3     |     3      |
+-----------+-----------+-----------+-----------+-----------+-----------+
|    24     |    26     |    22     |     0     |     2     |     2      |
+-----------+-----------+-----------+-----------+-----------+-----------+
|    28     |  2026     |    24     |     0     |     4     |     4      |
+-----------+-----------+-----------+-----------+-----------+-----------+
|    28     |    29     |    24     |     0     |     4     |     4      |
+-----------+-----------+-----------+-----------+-----------+-----------+
|    29     |  2028     |    25     |     0     |     4     |     4      |
+-----------+-----------+-----------+-----------+-----------+-----------+
|    29     |    32     |    26     |     0     |     3     |     3      |
+-----------+-----------+-----------+-----------+-----------+-----------+
|    30     |  2007     |     7     |     2     |    21     |    23      |
+-----------+-----------+-----------+-----------+-----------+-----------+
|    30     |  2024     |    24     |     0     |     6     |     6      |
+-----------+-----------+-----------+-----------+-----------+-----------+
|    31     |  2029     |    26     |     0     |     5     |     5      |
+-----------+-----------+-----------+-----------+-----------+-----------+
|    33     |  2003     |     5     |     2     |    26     |    28      |
+-----------+-----------+-----------+-----------+-----------+-----------+
|    34     |    34     |    30     |     0     |     4     |     4      |
+-----------+-----------+-----------+-----------+-----------+-----------+
|    34     |  4035     |    33     |     1     |     0     |     1      |
+-----------+-----------+-----------+-----------+-----------+-----------+
|    35     |    35     |    31     |     0     |     4     |     4      |
+-----------+-----------+-----------+-----------+-----------+-----------+
|    36     |  2013     |    10     |     4     |    22     |    26      |
+-----------+-----------+-----------+-----------+-----------+-----------+
|    36     |  2014     |    11     |     3     |    22     |    25      |
+-----------+-----------+-----------+-----------+-----------+-----------+
|    37     |  2016     |    12     |     2     |    23     |    25      |
+-----------+-----------+-----------+-----------+-----------+-----------+
|    38     |  2010     |     8     |     5     |    25     |    30      |
+-----------+-----------+-----------+-----------+-----------+-----------+
|    38     |  2008     |     7     |     2     |    29     |    31      |
+-----------+-----------+-----------+-----------+-----------+-----------+
|    40     |  2015     |    11     |     3     |    26     |    29      |
+-----------+-----------+-----------+-----------+-----------+-----------+
|    41     |  2017     |    13     |     1     |    27     |    28      |
+-----------+-----------+-----------+-----------+-----------+-----------+
|    41     |  2020     |    18     |     3     |    20     |    23      |
+-----------+-----------+-----------+-----------+-----------+-----------+
|    42     |  2018     |    14     |     2     |    26     |    28      |
+-----------+-----------+-----------+-----------+-----------+-----------+
|    42     |  2032     |    31     |     5     |     6     |    11      |
+-----------+-----------+-----------+-----------+-----------+-----------+
|    42     |  2035     |    32     |     4     |     6     |    10      |
+-----------+-----------+-----------+-----------+-----------+-----------+
|    43     |  2022     |    23     |    12     |     8     |    20      |
+-----------+-----------+-----------+-----------+-----------+-----------+
|    43     |  2023     |    24     |    11     |     8     |    19      |
+-----------+-----------+-----------+-----------+-----------+-----------+
|    44     |  2031     |    31     |     5     |     8     |    13      |
+-----------+-----------+-----------+-----------+-----------+-----------+
|    44     |  2034     |    32     |     4     |     8     |    12      |
+-----------+-----------+-----------+-----------+-----------+-----------+
|    45     |  2036     |    34     |     3     |     8     |    11      |
+-----------+-----------+-----------+-----------+-----------+-----------+
|    46     |  2025     |    24     |    11     |    11     |    22      |
+-----------+-----------+-----------+-----------+-----------+-----------+
|    46     |  2027     |    25     |    10     |    11     |    21      |
+-----------+-----------+-----------+-----------+-----------+-----------+
|    46     |  2041     |    41     |     0     |     5     |     5      |
+-----------+-----------+-----------+-----------+-----------+-----------+
|    46     |  4038     |    46     |     0     |     0     |     0      |
+-----------+-----------+-----------+-----------+-----------+-----------+
|    47     |  2045     |    44     |     0     |     3     |     3      |
+-----------+-----------+-----------+-----------+-----------+-----------+
|    47     |    38     |    35     |     9     |     3     |    12      |
+-----------+-----------+-----------+-----------+-----------+-----------+
|    49     |    47     |    46     |     0     |     3     |     3      |
+-----------+-----------+-----------+-----------+-----------+-----------+
|    49     |    46     |    46     |     0     |     3     |     3      |
+-----------+-----------+-----------+-----------+-----------+-----------+
|    50     |    49     |    47     |     0     |     3     |     3      |
+-----------+-----------+-----------+-----------+-----------+-----------+
|    51     |  2050     |    47     |     0     |     4     |     4      |
+-----------+-----------+-----------+-----------+-----------+-----------+
|    51     |  2048     |    46     |     0     |     5     |     5      |
+-----------+-----------+-----------+-----------+-----------+-----------+
|    51     |    42     |    40     |     0     |    11     |    11      |
+-----------+-----------+-----------+-----------+-----------+-----------+
|    51     |    43     |    43     |     0     |     8     |     8      |
+-----------+-----------+-----------+-----------+-----------+-----------+
|    51     |     7     |     3     |     0     |    48     |    48      |
+-----------+-----------+-----------+-----------+-----------+-----------+
|    51     |    28     |    24     |     0     |    27     |    27      |
+-----------+-----------+-----------+-----------+-----------+-----------+
|    51     |    27     |    23     |     0     |    28     |    28      |
+-----------+-----------+-----------+-----------+-----------+-----------+
|    51     |    36     |    32     |     0     |    19     |    19      |
+-----------+-----------+-----------+-----------+-----------+-----------+
|    51     |    11     |     5     |     0     |    46     |    46      |
+-----------+-----------+-----------+-----------+-----------+-----------+
|    51     |    41     |    39     |     0     |    12     |    12      |
+-----------+-----------+-----------+-----------+-----------+-----------+
|    51     |     2     |     1     |     0     |    50     |    50      |
+-----------+-----------+-----------+-----------+-----------+-----------+
|    51     |    39     |    35     |     0     |    16     |    16      |
+-----------+-----------+-----------+-----------+-----------+-----------+
|    51     |    45     |    46     |     0     |     5     |     5      |
+-----------+-----------+-----------+-----------+-----------+-----------+
|    51     |    16     |     8     |     1     |    42     |    43      |
+-----------+-----------+-----------+-----------+-----------+-----------+
|    51     |     3     |     2     |     0     |    49     |    49      |
+-----------+-----------+-----------+-----------+-----------+-----------+
|    51     |    17     |     8     |     0     |    43     |    43      |
+-----------+-----------+-----------+-----------+-----------+-----------+


====================== Final Earth Army ===================== 
0 ES   0 ET   12 EG  0 HU

75.00 %(Infected_ES) 100.00 %(Dead_ES) 
100.00 %(Dead_ET) 0.00 %(Dead_EG)
0.00 %(Dead_HU) 

76.00 %(Dead_EarthUnits)

average of Df = 0.45
average of Dd = 13.79
average of Db = 14.24

Df/Db % = 3.14
Dd/Db % = 96.86
====================== Final Alien Army ===================== 
16 AS   0 AM   0 AD

60.00 %(Dead_AS) 100.00 %(Dead_AM) 100.00 %(Dead_AD)

70.91 %(Dead_AlienUnits)

average of Df = 2.49
average of Dd = 11.26
average of Db = 13.74

Df/Db % = 18.10
Dd/Db % = 81.90
====================== Final Ally Army ===================== 
0 SU 

100.00 %(Dead_SU) 

100.00 %(Dead_AllyUnits)

average of Df = 0.50
average of Dd = 0.00
average of Db = 0.50

Df/Db % = 100.00
Dd/Db % = 0.00
