+-----------+-----------+-----------+-----------+-----------+-----------+
|    Td     |    ID     |    Tj     |    Df     |    Dd     |    Db      |
+-----------+-----------+-----------+-----------+-----------+-----------+
|     2     |     0     |     1     |     0     |     1     |     1      |
+-----------+-----------+-----------+-----------+-----------+-----------+
|     3     |     4     |     2     |     0     |     1     |     1      |
+-----------+-----------+-----------+-----------+-----------+-----------+
|     5     |  2003     |     3     |     0     |     2     |     2      |
+-----------+-----------+-----------+-----------+-----------+-----------+
|     5     |     5     |     3     |     0     |     2     |     2      |
+-----------+-----------+-----------+-----------+-----------+-----------+
|     5     |     6     |     3     |     0     |     2     |     2      |
+-----------+-----------+-----------+-----------+-----------+-----------+
|     6     |     8     |     4     |     0     |     2     |     2      |
+-----------+-----------+-----------+-----------+-----------+-----------+
|     6     |     7     |     4     |     0     |     2     |     2      |
+-----------+-----------+-----------+-----------+-----------+-----------+
|     6     |    14     |     6     |     0     |     0     |     0      |
+-----------+-----------+-----------+-----------+-----------+-----------+
|     7     |     9     |     4     |     1     |     2     |     3      |
+-----------+-----------+-----------+-----------+-----------+-----------+
|     7     |    13     |     6     |     1     |     0     |     1      |
+-----------+-----------+-----------+-----------+-----------+-----------+
|     8     |    10     |     5     |     1     |     2     |     3      |
+-----------+-----------+-----------+-----------+-----------+-----------+
|     8     |    17     |     8     |     0     |     0     |     0      |
+-----------+-----------+-----------+-----------+-----------+-----------+
|     9     |    18     |     8     |     0     |     1     |     1      |
+-----------+-----------+-----------+-----------+-----------+-----------+
|     9     |    20     |     9     |     0     |     0     |     0      |
+-----------+-----------+-----------+-----------+-----------+-----------+
|    10     |    16     |     7     |     2     |     1     |     3      |
+-----------+-----------+-----------+-----------+-----------+-----------+
|    11     |  2011     |     6     |     0     |     5     |     5      |
+-----------+-----------+-----------+-----------+-----------+-----------+
|    11     |    24     |    10     |     1     |     0     |     1      |
+-----------+-----------+-----------+-----------+-----------+-----------+
|    11     |    22     |    10     |     0     |     1     |     1      |
+-----------+-----------+-----------+-----------+-----------+-----------+
|    11     |    23     |    10     |     0     |     1     |     1      |
+-----------+-----------+-----------+-----------+-----------+-----------+
|    11     |     1     |     2     |     7     |     2     |     9      |
+-----------+-----------+-----------+-----------+-----------+-----------+
|    12     |  2016     |     7     |     0     |     5     |     5      |
+-----------+-----------+-----------+-----------+-----------+-----------+
|    13     |    15     |     6     |     5     |     2     |     7      |
+-----------+-----------+-----------+-----------+-----------+-----------+
|    13     |     2     |     2     |     8     |     3     |    11      |
+-----------+-----------+-----------+-----------+-----------+-----------+
|    13     |    12     |     5     |     5     |     3     |     8      |
+-----------+-----------+-----------+-----------+-----------+-----------+
|    14     |    25     |    14     |     0     |     0     |     0      |
+-----------+-----------+-----------+-----------+-----------+-----------+
|    14     |     3     |     2     |     7     |     5     |    12      |
+-----------+-----------+-----------+-----------+-----------+-----------+
|    15     |    27     |    15     |     0     |     0     |     0      |
+-----------+-----------+-----------+-----------+-----------+-----------+
|    15     |    28     |    15     |     0     |     0     |     0      |
+-----------+-----------+-----------+-----------+-----------+-----------+
|    16     |    26     |    15     |     0     |     1     |     1      |
+-----------+-----------+-----------+-----------+-----------+-----------+
|    17     |  2000     |     1     |     0     |    16     |    16      |
+-----------+-----------+-----------+-----------+-----------+-----------+
|    17     |    31     |    16     |     0     |     1     |     1      |
+-----------+-----------+-----------+-----------+-----------+-----------+
|    17     |    29     |    16     |     0     |     1     |     1      |
+-----------+-----------+-----------+-----------+-----------+-----------+
|    17     |    30     |    16     |     0     |     1     |     1      |
+-----------+-----------+-----------+-----------+-----------+-----------+
|    17     |    32     |    17     |     0     |     0     |     0      |
+-----------+-----------+-----------+-----------+-----------+-----------+
|    18     |    33     |    18     |     0     |     0     |     0      |
+-----------+-----------+-----------+-----------+-----------+-----------+
|    20     |    36     |    20     |     0     |     0     |     0      |
+-----------+-----------+-----------+-----------+-----------+-----------+
|    21     |    38     |    21     |     0     |     0     |     0      |
+-----------+-----------+-----------+-----------+-----------+-----------+
|    22     |    37     |    21     |     0     |     1     |     1      |
+-----------+-----------+-----------+-----------+-----------+-----------+
|    22     |    21     |     9     |     0     |    13     |    13      |
+-----------+-----------+-----------+-----------+-----------+-----------+
|    22     |    40     |    22     |     0     |     0     |     0      |
+-----------+-----------+-----------+-----------+-----------+-----------+
|    23     |  2010     |     5     |     1     |    17     |    18      |
+-----------+-----------+-----------+-----------+-----------+-----------+
|    23     |    39     |    22     |     0     |     1     |     1      |
+-----------+-----------+-----------+-----------+-----------+-----------+
|    23     |    34     |    19     |     0     |     4     |     4      |
+-----------+-----------+-----------+-----------+-----------+-----------+
|    23     |    41     |    23     |     0     |     0     |     0      |
+-----------+-----------+-----------+-----------+-----------+-----------+
|    24     |    42     |    24     |     0     |     0     |     0      |
+-----------+-----------+-----------+-----------+-----------+-----------+
|    25     |    43     |    24     |     0     |     1     |     1      |
+-----------+-----------+-----------+-----------+-----------+-----------+
|    26     |    47     |    26     |     0     |     0     |     0      |
+-----------+-----------+-----------+-----------+-----------+-----------+
|    26     |    45     |    26     |     0     |     0     |     0      |
+-----------+-----------+-----------+-----------+-----------+-----------+
|    26     |    44     |    25     |     0     |     1     |     1      |
+-----------+-----------+-----------+-----------+-----------+-----------+
|    27     |  2013     |     7     |     0     |    20     |    20      |
+-----------+-----------+-----------+-----------+-----------+-----------+
|    27     |  2030     |    13     |     1     |    13     |    14      |
+-----------+-----------+-----------+-----------+-----------+-----------+
|    27     |    46     |    26     |     0     |     1     |     1      |
+-----------+-----------+-----------+-----------+-----------+-----------+
|    28     |  2006     |     3     |     2     |    23     |    25      |
+-----------+-----------+-----------+-----------+-----------+-----------+
|    28     |    52     |    28     |     0     |     0     |     0      |
+-----------+-----------+-----------+-----------+-----------+-----------+
|    28     |    49     |    27     |     0     |     1     |     1      |
+-----------+-----------+-----------+-----------+-----------+-----------+
|    28     |    50     |    27     |     0     |     1     |     1      |
+-----------+-----------+-----------+-----------+-----------+-----------+
|    29     |  2015     |     7     |     1     |    21     |    22      |
+-----------+-----------+-----------+-----------+-----------+-----------+
|    29     |    51     |    28     |     0     |     1     |     1      |
+-----------+-----------+-----------+-----------+-----------+-----------+
|    29     |    53     |    29     |     0     |     0     |     0      |
+-----------+-----------+-----------+-----------+-----------+-----------+
|    29     |    56     |    29     |     0     |     0     |     0      |
+-----------+-----------+-----------+-----------+-----------+-----------+
|    30     |  2007     |     3     |     2     |    25     |    27      |
+-----------+-----------+-----------+-----------+-----------+-----------+
|    30     |    54     |    29     |     0     |     1     |     1      |
+-----------+-----------+-----------+-----------+-----------+-----------+
|    30     |    55     |    29     |     0     |     1     |     1      |
+-----------+-----------+-----------+-----------+-----------+-----------+
|    30     |    57     |    30     |     0     |     0     |     0      |
+-----------+-----------+-----------+-----------+-----------+-----------+
|    30     |    58     |    30     |     0     |     0     |     0      |
+-----------+-----------+-----------+-----------+-----------+-----------+
|    31     |  2002     |     2     |     0     |    29     |    29      |
+-----------+-----------+-----------+-----------+-----------+-----------+
|    31     |    60     |    31     |     0     |     0     |     0      |
+-----------+-----------+-----------+-----------+-----------+-----------+
|    31     |    61     |    31     |     0     |     0     |     0      |
+-----------+-----------+-----------+-----------+-----------+-----------+
|    32     |    59     |    31     |     0     |     1     |     1      |
+-----------+-----------+-----------+-----------+-----------+-----------+
|    33     |  2039     |    18     |     8     |     7     |    15      |
+-----------+-----------+-----------+-----------+-----------+-----------+
|    33     |    62     |    32     |     0     |     1     |     1      |
+-----------+-----------+-----------+-----------+-----------+-----------+
|    33     |    64     |    33     |     0     |     0     |     0      |
+-----------+-----------+-----------+-----------+-----------+-----------+
|    33     |    63     |    33     |     0     |     0     |     0      |
+-----------+-----------+-----------+-----------+-----------+-----------+
|    34     |  2026     |    12     |     0     |    22     |    22      |
+-----------+-----------+-----------+-----------+-----------+-----------+
|    35     |    65     |    34     |     0     |     1     |     1      |
+-----------+-----------+-----------+-----------+-----------+-----------+
|    35     |    69     |    35     |     0     |     0     |     0      |
+-----------+-----------+-----------+-----------+-----------+-----------+
|    35     |    71     |    35     |     0     |     0     |     0      |
+-----------+-----------+-----------+-----------+-----------+-----------+
|    35     |    66     |    34     |     0     |     1     |     1      |
+-----------+-----------+-----------+-----------+-----------+-----------+
|    36     |  2022     |    11     |     0     |    25     |    25      |
+-----------+-----------+-----------+-----------+-----------+-----------+
|    36     |    68     |    35     |     0     |     1     |     1      |
+-----------+-----------+-----------+-----------+-----------+-----------+
|    36     |    72     |    36     |     0     |     0     |     0      |
+-----------+-----------+-----------+-----------+-----------+-----------+
|    36     |    67     |    34     |     0     |     2     |     2      |
+-----------+-----------+-----------+-----------+-----------+-----------+
|    37     |    74     |    37     |     0     |     0     |     0      |
+-----------+-----------+-----------+-----------+-----------+-----------+
|    37     |    75     |    37     |     0     |     0     |     0      |
+-----------+-----------+-----------+-----------+-----------+-----------+
|    37     |    70     |    35     |     0     |     2     |     2      |
+-----------+-----------+-----------+-----------+-----------+-----------+
|    37     |    73     |    36     |     0     |     1     |     1      |
+-----------+-----------+-----------+-----------+-----------+-----------+
|    39     |    76     |    38     |     0     |     1     |     1      |
+-----------+-----------+-----------+-----------+-----------+-----------+
|    39     |    77     |    39     |     0     |     0     |     0      |
+-----------+-----------+-----------+-----------+-----------+-----------+
|    39     |    78     |    39     |     0     |     0     |     0      |
+-----------+-----------+-----------+-----------+-----------+-----------+
|    39     |    79     |    39     |     0     |     0     |     0      |
+-----------+-----------+-----------+-----------+-----------+-----------+
|    41     |    80     |    40     |     0     |     1     |     1      |
+-----------+-----------+-----------+-----------+-----------+-----------+
|    42     |  2065     |    28     |     0     |    14     |    14      |
+-----------+-----------+-----------+-----------+-----------+-----------+
|    43     |    83     |    42     |     0     |     1     |     1      |
+-----------+-----------+-----------+-----------+-----------+-----------+
|    43     |    81     |    42     |     0     |     1     |     1      |
+-----------+-----------+-----------+-----------+-----------+-----------+
|    44     |    85     |    43     |     0     |     1     |     1      |
+-----------+-----------+-----------+-----------+-----------+-----------+
|    44     |    84     |    43     |     0     |     1     |     1      |
+-----------+-----------+-----------+-----------+-----------+-----------+
|    44     |    86     |    44     |     0     |     0     |     0      |
+-----------+-----------+-----------+-----------+-----------+-----------+
|    45     |    88     |    45     |     0     |     0     |     0      |
+-----------+-----------+-----------+-----------+-----------+-----------+
|    46     |    87     |    45     |     0     |     1     |     1      |
+-----------+-----------+-----------+-----------+-----------+-----------+
|    47     |    89     |    46     |     0     |     1     |     1      |
+-----------+-----------+-----------+-----------+-----------+-----------+
|    48     |  2018     |     8     |     8     |    32     |    40      |
+-----------+-----------+-----------+-----------+-----------+-----------+
|    48     |    91     |    47     |     0     |     1     |     1      |
+-----------+-----------+-----------+-----------+-----------+-----------+
|    49     |  2020     |     9     |     8     |    32     |    40      |
+-----------+-----------+-----------+-----------+-----------+-----------+
|    49     |    92     |    47     |     0     |     2     |     2      |
+-----------+-----------+-----------+-----------+-----------+-----------+
|    49     |    93     |    48     |     0     |     1     |     1      |
+-----------+-----------+-----------+-----------+-----------+-----------+
|    49     |    95     |    48     |     0     |     1     |     1      |
+-----------+-----------+-----------+-----------+-----------+-----------+
|    50     |  2001     |     1     |     0     |    49     |    49      |
+-----------+-----------+-----------+-----------+-----------+-----------+
|    50     |    97     |    49     |     0     |     1     |     1      |
+-----------+-----------+-----------+-----------+-----------+-----------+
|    50     |    98     |    49     |     0     |     1     |     1      |
+-----------+-----------+-----------+-----------+-----------+-----------+
|    51     |    96     |    48     |     1     |     2     |     3      |
+-----------+-----------+-----------+-----------+-----------+-----------+
|    51     |    99     |    50     |     0     |     1     |     1      |
+-----------+-----------+-----------+-----------+-----------+-----------+
|    51     |   100     |    51     |     0     |     0     |     0      |
+-----------+-----------+-----------+-----------+-----------+-----------+
|    52     |   101     |    51     |     0     |     1     |     1      |
+-----------+-----------+-----------+-----------+-----------+-----------+
|    52     |   102     |    52     |     0     |     0     |     0      |
+-----------+-----------+-----------+-----------+-----------+-----------+
|    53     |  2074     |    34     |     0     |    19     |    19      |
+-----------+-----------+-----------+-----------+-----------+-----------+
|    53     |   104     |    53     |     0     |     0     |     0      |
+-----------+-----------+-----------+-----------+-----------+-----------+
|    54     |   105     |    53     |     0     |     1     |     1      |
+-----------+-----------+-----------+-----------+-----------+-----------+
|    54     |   107     |    54     |     0     |     0     |     0      |
+-----------+-----------+-----------+-----------+-----------+-----------+
|    55     |  2082     |    37     |     0     |    18     |    18      |
+-----------+-----------+-----------+-----------+-----------+-----------+
|    55     |   110     |    55     |     0     |     0     |     0      |
+-----------+-----------+-----------+-----------+-----------+-----------+
|    55     |   109     |    55     |     0     |     0     |     0      |
+-----------+-----------+-----------+-----------+-----------+-----------+
|    56     |  2004     |     3     |     1     |    52     |    53      |
+-----------+-----------+-----------+-----------+-----------+-----------+
|    56     |   111     |    56     |     0     |     0     |     0      |
+-----------+-----------+-----------+-----------+-----------+-----------+
|    57     |  2019     |     9     |     0     |    48     |    48      |
+-----------+-----------+-----------+-----------+-----------+-----------+
|    57     |   112     |    56     |     0     |     1     |     1      |
+-----------+-----------+-----------+-----------+-----------+-----------+
|    57     |   113     |    56     |     0     |     1     |     1      |
+-----------+-----------+-----------+-----------+-----------+-----------+
|    57     |   114     |    57     |     0     |     0     |     0      |
+-----------+-----------+-----------+-----------+-----------+-----------+
|    58     |   115     |    58     |     0     |     0     |     0      |
+-----------+-----------+-----------+-----------+-----------+-----------+
|    59     |   117     |    58     |     0     |     1     |     1      |
+-----------+-----------+-----------+-----------+-----------+-----------+
|    59     |   116     |    58     |     0     |     1     |     1      |
+-----------+-----------+-----------+-----------+-----------+-----------+
|    60     |   120     |    60     |     0     |     0     |     0      |
+-----------+-----------+-----------+-----------+-----------+-----------+
|    61     |  2035     |    15     |     0     |    46     |    46      |
+-----------+-----------+-----------+-----------+-----------+-----------+
|    61     |   119     |    60     |     0     |     1     |     1      |
+-----------+-----------+-----------+-----------+-----------+-----------+
|    61     |   121     |    60     |     0     |     1     |     1      |
+-----------+-----------+-----------+-----------+-----------+-----------+
|    62     |   122     |    61     |     0     |     1     |     1      |
+-----------+-----------+-----------+-----------+-----------+-----------+
|    62     |   123     |    61     |     0     |     1     |     1      |
+-----------+-----------+-----------+-----------+-----------+-----------+
|    63     |   124     |    61     |     0     |     2     |     2      |
+-----------+-----------+-----------+-----------+-----------+-----------+
|    63     |   125     |    62     |     0     |     1     |     1      |
+-----------+-----------+-----------+-----------+-----------+-----------+
|    63     |   126     |    62     |     0     |     1     |     1      |
+-----------+-----------+-----------+-----------+-----------+-----------+
|    64     |  2105     |    47     |     1     |    16     |    17      |
+-----------+-----------+-----------+-----------+-----------+-----------+
|    64     |   127     |    63     |     0     |     1     |     1      |
+-----------+-----------+-----------+-----------+-----------+-----------+
|    64     |   129     |    64     |     0     |     0     |     0      |
+-----------+-----------+-----------+-----------+-----------+-----------+
|    64     |   128     |    64     |     0     |     0     |     0      |
+-----------+-----------+-----------+-----------+-----------+-----------+
|    66     |  2061     |    27     |     0     |    39     |    39      |
+-----------+-----------+-----------+-----------+-----------+-----------+
|    66     |   130     |    65     |     0     |     1     |     1      |
+-----------+-----------+-----------+-----------+-----------+-----------+
|    67     |  2096     |    44     |    18     |     5     |    23      |
+-----------+-----------+-----------+-----------+-----------+-----------+
|    67     |   132     |    67     |     0     |     0     |     0      |
+-----------+-----------+-----------+-----------+-----------+-----------+
|    68     |  2114     |    52     |     0     |    16     |    16      |
+-----------+-----------+-----------+-----------+-----------+-----------+
|    68     |   131     |    67     |     0     |     1     |     1      |
+-----------+-----------+-----------+-----------+-----------+-----------+
|    69     |   134     |    69     |     0     |     0     |     0      |
+-----------+-----------+-----------+-----------+-----------+-----------+
|    69     |   135     |    69     |     0     |     0     |     0      |
+-----------+-----------+-----------+-----------+-----------+-----------+
|    70     |   133     |    69     |     0     |     1     |     1      |
+-----------+-----------+-----------+-----------+-----------+-----------+
|    71     |   136     |    70     |     0     |     1     |     1      |
+-----------+-----------+-----------+-----------+-----------+-----------+
|    71     |   137     |    70     |     0     |     1     |     1      |
+-----------+-----------+-----------+-----------+-----------+-----------+
|    72     |   138     |    71     |     0     |     1     |     1      |
+-----------+-----------+-----------+-----------+-----------+-----------+
|    72     |   139     |    71     |     0     |     1     |     1      |
+-----------+-----------+-----------+-----------+-----------+-----------+
|    72     |   140     |    72     |     0     |     0     |     0      |
+-----------+-----------+-----------+-----------+-----------+-----------+
|    74     |   141     |    73     |     0     |     1     |     1      |
+-----------+-----------+-----------+-----------+-----------+-----------+
|    74     |   143     |    73     |     0     |     1     |     1      |
+-----------+-----------+-----------+-----------+-----------+-----------+
|    74     |   145     |    74     |     0     |     0     |     0      |
+-----------+-----------+-----------+-----------+-----------+-----------+
|    74     |   146     |    74     |     0     |     0     |     0      |
+-----------+-----------+-----------+-----------+-----------+-----------+
|    75     |  2109     |    50     |     1     |    24     |    25      |
+-----------+-----------+-----------+-----------+-----------+-----------+
|    75     |   144     |    74     |     1     |     0     |     1      |
+-----------+-----------+-----------+-----------+-----------+-----------+
|    76     |  2139     |    64     |     0     |    12     |    12      |
+-----------+-----------+-----------+-----------+-----------+-----------+
|    76     |   148     |    76     |     0     |     0     |     0      |
+-----------+-----------+-----------+-----------+-----------+-----------+
|    76     |   149     |    76     |     0     |     0     |     0      |
+-----------+-----------+-----------+-----------+-----------+-----------+
|    76     |   150     |    76     |     0     |     0     |     0      |
+-----------+-----------+-----------+-----------+-----------+-----------+
|    76     |   147     |    75     |     0     |     1     |     1      |
+-----------+-----------+-----------+-----------+-----------+-----------+
|    77     |   152     |    77     |     0     |     0     |     0      |
+-----------+-----------+-----------+-----------+-----------+-----------+
|    78     |  2100     |    46     |     4     |    28     |    32      |
+-----------+-----------+-----------+-----------+-----------+-----------+
|    78     |   151     |    77     |     0     |     1     |     1      |
+-----------+-----------+-----------+-----------+-----------+-----------+
|    78     |   153     |    78     |     0     |     0     |     0      |
+-----------+-----------+-----------+-----------+-----------+-----------+
|    78     |    48     |    26     |     0     |    52     |    52      |
+-----------+-----------+-----------+-----------+-----------+-----------+
|    78     |   106     |    53     |     0     |    25     |    25      |
+-----------+-----------+-----------+-----------+-----------+-----------+
|    79     |   155     |    78     |     0     |     1     |     1      |
+-----------+-----------+-----------+-----------+-----------+-----------+
|    79     |   156     |    79     |     0     |     0     |     0      |
+-----------+-----------+-----------+-----------+-----------+-----------+
|    79     |   118     |    59     |     0     |    20     |    20      |
+-----------+-----------+-----------+-----------+-----------+-----------+
|    79     |    90     |    47     |     0     |    32     |    32      |
+-----------+-----------+-----------+-----------+-----------+-----------+
|    80     |  2021     |    10     |     8     |    62     |    70      |
+-----------+-----------+-----------+-----------+-----------+-----------+
|    80     |   157     |    79     |     0     |     1     |     1      |
+-----------+-----------+-----------+-----------+-----------+-----------+
|    80     |   160     |    80     |     0     |     0     |     0      |
+-----------+-----------+-----------+-----------+-----------+-----------+
|    80     |   159     |    80     |     0     |     0     |     0      |
+-----------+-----------+-----------+-----------+-----------+-----------+
|    80     |   108     |    54     |     0     |    26     |    26      |
+-----------+-----------+-----------+-----------+-----------+-----------+
|    81     |   161     |    81     |     0     |     0     |     0      |
+-----------+-----------+-----------+-----------+-----------+-----------+
|    81     |   162     |    81     |     0     |     0     |     0      |
+-----------+-----------+-----------+-----------+-----------+-----------+
|    81     |   158     |    80     |     0     |     1     |     1      |
+-----------+-----------+-----------+-----------+-----------+-----------+
|    82     |   164     |    82     |     0     |     0     |     0      |
+-----------+-----------+-----------+-----------+-----------+-----------+
|    83     |  2106     |    48     |     0     |    35     |    35      |
+-----------+-----------+-----------+-----------+-----------+-----------+
|    83     |   167     |    83     |     0     |     0     |     0      |
+-----------+-----------+-----------+-----------+-----------+-----------+
|    83     |   166     |    83     |     0     |     0     |     0      |
+-----------+-----------+-----------+-----------+-----------+-----------+
|    84     |   165     |    82     |     0     |     2     |     2      |
+-----------+-----------+-----------+-----------+-----------+-----------+
|    84     |   163     |    82     |     0     |     2     |     2      |
+-----------+-----------+-----------+-----------+-----------+-----------+
|    85     |   171     |    85     |     0     |     0     |     0      |
+-----------+-----------+-----------+-----------+-----------+-----------+
|    85     |   169     |    84     |     0     |     1     |     1      |
+-----------+-----------+-----------+-----------+-----------+-----------+
|    85     |   168     |    83     |     0     |     2     |     2      |
+-----------+-----------+-----------+-----------+-----------+-----------+
|    85     |   170     |    85     |     0     |     0     |     0      |
+-----------+-----------+-----------+-----------+-----------+-----------+
|    86     |  2023     |    11     |     9     |    66     |    75      |
+-----------+-----------+-----------+-----------+-----------+-----------+
|    86     |   154     |    78     |     8     |     0     |     8      |
+-----------+-----------+-----------+-----------+-----------+-----------+
|    87     |   173     |    86     |     0     |     1     |     1      |
+-----------+-----------+-----------+-----------+-----------+-----------+
|    88     |   175     |    87     |     0     |     1     |     1      |
+-----------+-----------+-----------+-----------+-----------+-----------+
|    88     |   174     |    87     |     0     |     1     |     1      |
+-----------+-----------+-----------+-----------+-----------+-----------+
|    88     |   176     |    88     |     0     |     0     |     0      |
+-----------+-----------+-----------+-----------+-----------+-----------+
|    89     |  2046     |    21     |    14     |    54     |    68      |
+-----------+-----------+-----------+-----------+-----------+-----------+
|    90     |   178     |    89     |     0     |     1     |     1      |
+-----------+-----------+-----------+-----------+-----------+-----------+
|    90     |   179     |    89     |     0     |     1     |     1      |
+-----------+-----------+-----------+-----------+-----------+-----------+
|    91     |  2050     |    22     |    14     |    55     |    69      |
+-----------+-----------+-----------+-----------+-----------+-----------+
|    91     |   182     |    90     |     0     |     1     |     1      |
+-----------+-----------+-----------+-----------+-----------+-----------+
|    92     |   185     |    91     |     0     |     1     |     1      |
+-----------+-----------+-----------+-----------+-----------+-----------+
|    92     |   186     |    91     |     0     |     1     |     1      |
+-----------+-----------+-----------+-----------+-----------+-----------+
|    92     |   189     |    92     |     0     |     0     |     0      |
+-----------+-----------+-----------+-----------+-----------+-----------+
|    93     |   183     |    91     |     0     |     2     |     2      |
+-----------+-----------+-----------+-----------+-----------+-----------+
|    93     |   187     |    91     |     0     |     2     |     2      |
+-----------+-----------+-----------+-----------+-----------+-----------+
|    93     |   190     |    93     |     0     |     0     |     0      |
+-----------+-----------+-----------+-----------+-----------+-----------+
|    94     |   188     |    92     |     1     |     1     |     2      |
+-----------+-----------+-----------+-----------+-----------+-----------+
|    94     |   191     |    94     |     0     |     0     |     0      |
+-----------+-----------+-----------+-----------+-----------+-----------+
|    95     |  2009     |     5     |     1     |    89     |    90      |
+-----------+-----------+-----------+-----------+-----------+-----------+
|    95     |  2118     |    55     |    12     |    28     |    40      |
+-----------+-----------+-----------+-----------+-----------+-----------+
|    95     |   193     |    94     |     0     |     1     |     1      |
+-----------+-----------+-----------+-----------+-----------+-----------+
|    95     |   195     |    95     |     0     |     0     |     0      |
+-----------+-----------+-----------+-----------+-----------+-----------+
|    95     |   194     |    95     |     0     |     0     |     0      |
+-----------+-----------+-----------+-----------+-----------+-----------+
|    95     |   192     |    94     |     0     |     1     |     1      |
+-----------+-----------+-----------+-----------+-----------+-----------+
|    96     |  2121     |    56     |     1     |    39     |    40      |
+-----------+-----------+-----------+-----------+-----------+-----------+
|    96     |   196     |    96     |     0     |     0     |     0      |
+-----------+-----------+-----------+-----------+-----------+-----------+
|    97     |  2055     |    24     |     4     |    69     |    73      |
+-----------+-----------+-----------+-----------+-----------+-----------+
|    97     |   197     |    97     |     0     |     0     |     0      |
+-----------+-----------+-----------+-----------+-----------+-----------+
|    98     |  2126     |    58     |     0     |    40     |    40      |
+-----------+-----------+-----------+-----------+-----------+-----------+
|    98     |   199     |    97     |     0     |     1     |     1      |
+-----------+-----------+-----------+-----------+-----------+-----------+
|    98     |   198     |    97     |     0     |     1     |     1      |
+-----------+-----------+-----------+-----------+-----------+-----------+
|    98     |   203     |    98     |     0     |     0     |     0      |
+-----------+-----------+-----------+-----------+-----------+-----------+
|    99     |   201     |    98     |     0     |     1     |     1      |
+-----------+-----------+-----------+-----------+-----------+-----------+
|    99     |   202     |    98     |     0     |     1     |     1      |
+-----------+-----------+-----------+-----------+-----------+-----------+
|    99     |   180     |    89     |     0     |    10     |    10      |
+-----------+-----------+-----------+-----------+-----------+-----------+
|    99     |   205     |    99     |     0     |     0     |     0      |
+-----------+-----------+-----------+-----------+-----------+-----------+
|    99     |   200     |    98     |     1     |     0     |     1      |
+-----------+-----------+-----------+-----------+-----------+-----------+
|   100     |  2028     |    12     |    12     |    76     |    88      |
+-----------+-----------+-----------+-----------+-----------+-----------+
|   100     |   206     |    99     |     1     |     0     |     1      |
+-----------+-----------+-----------+-----------+-----------+-----------+
|   100     |   204     |    99     |     0     |     1     |     1      |
+-----------+-----------+-----------+-----------+-----------+-----------+
|   101     |   207     |   101     |     0     |     0     |     0      |
+-----------+-----------+-----------+-----------+-----------+-----------+
|   101     |   208     |   101     |     0     |     0     |     0      |
+-----------+-----------+-----------+-----------+-----------+-----------+
|   102     |   209     |   102     |     0     |     0     |     0      |
+-----------+-----------+-----------+-----------+-----------+-----------+
|   103     |   210     |   102     |     0     |     1     |     1      |
+-----------+-----------+-----------+-----------+-----------+-----------+
|   103     |   212     |   103     |     0     |     0     |     0      |
+-----------+-----------+-----------+-----------+-----------+-----------+
|   105     |   213     |   104     |     0     |     1     |     1      |
+-----------+-----------+-----------+-----------+-----------+-----------+
|   105     |   214     |   105     |     0     |     0     |     0      |
+-----------+-----------+-----------+-----------+-----------+-----------+
|   106     |   211     |   103     |     0     |     3     |     3      |
+-----------+-----------+-----------+-----------+-----------+-----------+
|   106     |   215     |   105     |     0     |     1     |     1      |
+-----------+-----------+-----------+-----------+-----------+-----------+
|   106     |   216     |   105     |     0     |     1     |     1      |
+-----------+-----------+-----------+-----------+-----------+-----------+
|   106     |   219     |   106     |     0     |     0     |     0      |
+-----------+-----------+-----------+-----------+-----------+-----------+
|   107     |   217     |   106     |     0     |     1     |     1      |
+-----------+-----------+-----------+-----------+-----------+-----------+
|   108     |   218     |   106     |     0     |     2     |     2      |
+-----------+-----------+-----------+-----------+-----------+-----------+
|   109     |   220     |   108     |     0     |     1     |     1      |
+-----------+-----------+-----------+-----------+-----------+-----------+
|   110     |   221     |   110     |     0     |     0     |     0      |
+-----------+-----------+-----------+-----------+-----------+-----------+
|   111     |   222     |   110     |     0     |     1     |     1      |
+-----------+-----------+-----------+-----------+-----------+-----------+
|   112     |  2005     |     3     |     2     |   107     |   109      |
+-----------+-----------+-----------+-----------+-----------+-----------+
|   112     |   224     |   111     |     0     |     1     |     1      |
+-----------+-----------+-----------+-----------+-----------+-----------+
|   112     |   229     |   112     |     0     |     0     |     0      |
+-----------+-----------+-----------+-----------+-----------+-----------+
|   112     |   228     |   112     |     0     |     0     |     0      |
+-----------+-----------+-----------+-----------+-----------+-----------+
|   113     |   225     |   111     |     0     |     2     |     2      |
+-----------+-----------+-----------+-----------+-----------+-----------+
|   113     |   226     |   112     |     0     |     1     |     1      |
+-----------+-----------+-----------+-----------+-----------+-----------+
|   113     |   227     |   112     |     0     |     1     |     1      |
+-----------+-----------+-----------+-----------+-----------+-----------+
|   113     |   230     |   113     |     0     |     0     |     0      |
+-----------+-----------+-----------+-----------+-----------+-----------+
|   114     |   231     |   113     |     0     |     1     |     1      |
+-----------+-----------+-----------+-----------+-----------+-----------+
|   114     |   232     |   114     |     0     |     0     |     0      |
+-----------+-----------+-----------+-----------+-----------+-----------+
|   115     |   233     |   114     |     0     |     1     |     1      |
+-----------+-----------+-----------+-----------+-----------+-----------+
|   116     |   237     |   116     |     0     |     0     |     0      |
+-----------+-----------+-----------+-----------+-----------+-----------+
|   116     |   238     |   116     |     0     |     0     |     0      |
+-----------+-----------+-----------+-----------+-----------+-----------+
|   116     |   239     |   116     |     0     |     0     |     0      |
+-----------+-----------+-----------+-----------+-----------+-----------+
|   116     |   235     |   115     |     0     |     1     |     1      |
+-----------+-----------+-----------+-----------+-----------+-----------+
|   116     |   236     |   115     |     0     |     1     |     1      |
+-----------+-----------+-----------+-----------+-----------+-----------+
|   117     |   240     |   117     |     0     |     0     |     0      |
+-----------+-----------+-----------+-----------+-----------+-----------+
|   117     |   242     |   117     |     0     |     0     |     0      |
+-----------+-----------+-----------+-----------+-----------+-----------+
|   118     |   241     |   117     |     0     |     1     |     1      |
+-----------+-----------+-----------+-----------+-----------+-----------+
|   119     |   244     |   119     |     0     |     0     |     0      |
+-----------+-----------+-----------+-----------+-----------+-----------+
|   119     |   243     |   118     |     0     |     1     |     1      |
+-----------+-----------+-----------+-----------+-----------+-----------+
|   120     |   246     |   120     |     0     |     0     |     0      |
+-----------+-----------+-----------+-----------+-----------+-----------+
|   121     |   245     |   120     |     0     |     1     |     1      |
+-----------+-----------+-----------+-----------+-----------+-----------+
|   122     |   250     |   122     |     0     |     0     |     0      |
+-----------+-----------+-----------+-----------+-----------+-----------+
|   123     |   247     |   121     |     0     |     2     |     2      |
+-----------+-----------+-----------+-----------+-----------+-----------+
|   123     |   249     |   122     |     0     |     1     |     1      |
+-----------+-----------+-----------+-----------+-----------+-----------+
|   123     |   251     |   122     |     0     |     1     |     1      |
+-----------+-----------+-----------+-----------+-----------+-----------+
|   124     |   253     |   124     |     0     |     0     |     0      |
+-----------+-----------+-----------+-----------+-----------+-----------+
|   124     |   252     |   123     |     0     |     1     |     1      |
+-----------+-----------+-----------+-----------+-----------+-----------+
|   125     |   254     |   124     |     0     |     1     |     1      |
+-----------+-----------+-----------+-----------+-----------+-----------+
|   125     |   255     |   125     |     0     |     0     |     0      |
+-----------+-----------+-----------+-----------+-----------+-----------+
|   126     |   256     |   125     |     0     |     1     |     1      |
+-----------+-----------+-----------+-----------+-----------+-----------+
|   126     |   257     |   125     |     0     |     1     |     1      |
+-----------+-----------+-----------+-----------+-----------+-----------+
|   126     |   258     |   126     |     0     |     0     |     0      |
+-----------+-----------+-----------+-----------+-----------+-----------+
|   127     |  2042     |    19     |    12     |    96     |   108      |
+-----------+-----------+-----------+-----------+-----------+-----------+
|   127     |   260     |   127     |     0     |     0     |     0      |
+-----------+-----------+-----------+-----------+-----------+-----------+
|   127     |   259     |   127     |     0     |     0     |     0      |
+-----------+-----------+-----------+-----------+-----------+-----------+
|   128     |   261     |   128     |     0     |     0     |     0      |
+-----------+-----------+-----------+-----------+-----------+-----------+
|   129     |   264     |   129     |     0     |     0     |     0      |
+-----------+-----------+-----------+-----------+-----------+-----------+
|   130     |  2008     |     4     |     2     |   124     |   126      |
+-----------+-----------+-----------+-----------+-----------+-----------+
|   130     |  2045     |    20     |    14     |    96     |   110      |
+-----------+-----------+-----------+-----------+-----------+-----------+
|   130     |   262     |   129     |     0     |     1     |     1      |
+-----------+-----------+-----------+-----------+-----------+-----------+
|   130     |   263     |   129     |     0     |     1     |     1      |
+-----------+-----------+-----------+-----------+-----------+-----------+
|   130     |   265     |   130     |     0     |     0     |     0      |
+-----------+-----------+-----------+-----------+-----------+-----------+
|   131     |  2024     |    11     |     9     |   111     |   120      |
+-----------+-----------+-----------+-----------+-----------+-----------+
|   131     |   266     |   131     |     0     |     0     |     0      |
+-----------+-----------+-----------+-----------+-----------+-----------+
|   132     |   267     |   131     |     0     |     1     |     1      |
+-----------+-----------+-----------+-----------+-----------+-----------+
|   134     |   272     |   134     |     0     |     0     |     0      |
+-----------+-----------+-----------+-----------+-----------+-----------+
|   134     |   268     |   133     |     0     |     1     |     1      |
+-----------+-----------+-----------+-----------+-----------+-----------+
|   134     |   269     |   133     |     0     |     1     |     1      |
+-----------+-----------+-----------+-----------+-----------+-----------+
|   135     |   270     |   134     |     0     |     1     |     1      |
+-----------+-----------+-----------+-----------+-----------+-----------+
|   135     |   271     |   134     |     0     |     1     |     1      |
+-----------+-----------+-----------+-----------+-----------+-----------+
|   135     |   274     |   135     |     0     |     0     |     0      |
+-----------+-----------+-----------+-----------+-----------+-----------+
|   136     |  2047     |    21     |    14     |   101     |   115      |
+-----------+-----------+-----------+-----------+-----------+-----------+
|   136     |   276     |   135     |     0     |     1     |     1      |
+-----------+-----------+-----------+-----------+-----------+-----------+
|   136     |   275     |   135     |     0     |     1     |     1      |
+-----------+-----------+-----------+-----------+-----------+-----------+
|   136     |   273     |   135     |     0     |     1     |     1      |
+-----------+-----------+-----------+-----------+-----------+-----------+
|   137     |   277     |   136     |     0     |     1     |     1      |
+-----------+-----------+-----------+-----------+-----------+-----------+
|   138     |   278     |   137     |     0     |     1     |     1      |
+-----------+-----------+-----------+-----------+-----------+-----------+
|   138     |   281     |   138     |     0     |     0     |     0      |
+-----------+-----------+-----------+-----------+-----------+-----------+
|   138     |   279     |   137     |     0     |     1     |     1      |
+-----------+-----------+-----------+-----------+-----------+-----------+
|   139     |   280     |   138     |     0     |     1     |     1      |
+-----------+-----------+-----------+-----------+-----------+-----------+
|   139     |   282     |   139     |     0     |     0     |     0      |
+-----------+-----------+-----------+-----------+-----------+-----------+
|   139     |   283     |   139     |     0     |     0     |     0      |
+-----------+-----------+-----------+-----------+-----------+-----------+
|   140     |   284     |   139     |     0     |     1     |     1      |
+-----------+-----------+-----------+-----------+-----------+-----------+
|   141     |   285     |   140     |     0     |     1     |     1      |
+-----------+-----------+-----------+-----------+-----------+-----------+
|   141     |   287     |   140     |     0     |     1     |     1      |
+-----------+-----------+-----------+-----------+-----------+-----------+
|   141     |   288     |   141     |     0     |     0     |     0      |
+-----------+-----------+-----------+-----------+-----------+-----------+
|   141     |   289     |   141     |     0     |     0     |     0      |
+-----------+-----------+-----------+-----------+-----------+-----------+
|   142     |   290     |   142     |     0     |     0     |     0      |
+-----------+-----------+-----------+-----------+-----------+-----------+
|   143     |   293     |   143     |     0     |     0     |     0      |
+-----------+-----------+-----------+-----------+-----------+-----------+
|   143     |   292     |   143     |     0     |     0     |     0      |
+-----------+-----------+-----------+-----------+-----------+-----------+
|   144     |   291     |   143     |     0     |     1     |     1      |
+-----------+-----------+-----------+-----------+-----------+-----------+
|   144     |   294     |   144     |     0     |     0     |     0      |
+-----------+-----------+-----------+-----------+-----------+-----------+
|   145     |  2051     |    22     |    15     |   108     |   123      |
+-----------+-----------+-----------+-----------+-----------+-----------+
|   146     |   295     |   145     |     0     |     1     |     1      |
+-----------+-----------+-----------+-----------+-----------+-----------+
|   146     |   298     |   146     |     0     |     0     |     0      |
+-----------+-----------+-----------+-----------+-----------+-----------+
|   146     |   296     |   145     |     0     |     1     |     1      |
+-----------+-----------+-----------+-----------+-----------+-----------+
|   147     |   297     |   146     |     0     |     1     |     1      |
+-----------+-----------+-----------+-----------+-----------+-----------+
|   147     |   299     |   146     |     0     |     1     |     1      |
+-----------+-----------+-----------+-----------+-----------+-----------+
|   147     |   300     |   147     |     0     |     0     |     0      |
+-----------+-----------+-----------+-----------+-----------+-----------+
|   147     |   248     |   121     |     0     |    26     |    26      |
+-----------+-----------+-----------+-----------+-----------+-----------+
|   148     |   302     |   147     |     0     |     1     |     1      |
+-----------+-----------+-----------+-----------+-----------+-----------+
|   148     |   234     |   115     |     0     |    33     |    33      |
+-----------+-----------+-----------+-----------+-----------+-----------+
|   149     |   303     |   149     |     0     |     0     |     0      |
+-----------+-----------+-----------+-----------+-----------+-----------+
|   149     |   301     |   147     |     2     |     0     |     2      |
+-----------+-----------+-----------+-----------+-----------+-----------+
|   151     |   304     |   150     |     0     |     1     |     1      |
+-----------+-----------+-----------+-----------+-----------+-----------+
|   151     |   305     |   151     |     0     |     0     |     0      |
+-----------+-----------+-----------+-----------+-----------+-----------+
|   151     |   307     |   151     |     0     |     0     |     0      |
+-----------+-----------+-----------+-----------+-----------+-----------+
|   152     |   308     |   152     |     0     |     0     |     0      |
+-----------+-----------+-----------+-----------+-----------+-----------+
|   153     |  2210     |    97     |     0     |    56     |    56      |
+-----------+-----------+-----------+-----------+-----------+-----------+
|   153     |   311     |   153     |     0     |     0     |     0      |
+-----------+-----------+-----------+-----------+-----------+-----------+
|   154     |   309     |   153     |     0     |     1     |     1      |
+-----------+-----------+-----------+-----------+-----------+-----------+
|   154     |   310     |   153     |     0     |     1     |     1      |
+-----------+-----------+-----------+-----------+-----------+-----------+
|   155     |   312     |   155     |     0     |     0     |     0      |
+-----------+-----------+-----------+-----------+-----------+-----------+
|   156     |   223     |   110     |     0     |    46     |    46      |
+-----------+-----------+-----------+-----------+-----------+-----------+
|   156     |   313     |   156     |     0     |     0     |     0      |
+-----------+-----------+-----------+-----------+-----------+-----------+
|   157     |   306     |   151     |     0     |     6     |     6      |
+-----------+-----------+-----------+-----------+-----------+-----------+
|   157     |   314     |   156     |     0     |     1     |     1      |
+-----------+-----------+-----------+-----------+-----------+-----------+
|   157     |   317     |   157     |     0     |     0     |     0      |
+-----------+-----------+-----------+-----------+-----------+-----------+
|   158     |   315     |   157     |     0     |     1     |     1      |
+-----------+-----------+-----------+-----------+-----------+-----------+
|   158     |   316     |   157     |     0     |     1     |     1      |
+-----------+-----------+-----------+-----------+-----------+-----------+
|   158     |   318     |   158     |     0     |     0     |     0      |
+-----------+-----------+-----------+-----------+-----------+-----------+
|   160     |   319     |   159     |     0     |     1     |     1      |
+-----------+-----------+-----------+-----------+-----------+-----------+
|   161     |   323     |   160     |     0     |     1     |     1      |
+-----------+-----------+-----------+-----------+-----------+-----------+
|   161     |   320     |   160     |     0     |     1     |     1      |
+-----------+-----------+-----------+-----------+-----------+-----------+
|   162     |   322     |   160     |     0     |     2     |     2      |
+-----------+-----------+-----------+-----------+-----------+-----------+
|   162     |   324     |   162     |     0     |     0     |     0      |
+-----------+-----------+-----------+-----------+-----------+-----------+
|   162     |   325     |   162     |     0     |     0     |     0      |
+-----------+-----------+-----------+-----------+-----------+-----------+
|   163     |   327     |   163     |     0     |     0     |     0      |
+-----------+-----------+-----------+-----------+-----------+-----------+
|   164     |   328     |   163     |     0     |     1     |     1      |
+-----------+-----------+-----------+-----------+-----------+-----------+
|   164     |   329     |   164     |     0     |     0     |     0      |
+-----------+-----------+-----------+-----------+-----------+-----------+
|   164     |   326     |   163     |     0     |     1     |     1      |
+-----------+-----------+-----------+-----------+-----------+-----------+
|   164     |   330     |   164     |     0     |     0     |     0      |
+-----------+-----------+-----------+-----------+-----------+-----------+
|   166     |   331     |   165     |     0     |     1     |     1      |
+-----------+-----------+-----------+-----------+-----------+-----------+
|   167     |   334     |   167     |     0     |     0     |     0      |
+-----------+-----------+-----------+-----------+-----------+-----------+
|   167     |   332     |   166     |     0     |     1     |     1      |
+-----------+-----------+-----------+-----------+-----------+-----------+
|   168     |   335     |   167     |     0     |     1     |     1      |
+-----------+-----------+-----------+-----------+-----------+-----------+
|   168     |   333     |   167     |     0     |     1     |     1      |
+-----------+-----------+-----------+-----------+-----------+-----------+
|   168     |   338     |   168     |     0     |     0     |     0      |
+-----------+-----------+-----------+-----------+-----------+-----------+
|   168     |   337     |   168     |     0     |     0     |     0      |
+-----------+-----------+-----------+-----------+-----------+-----------+
|   169     |   336     |   168     |     0     |     1     |     1      |
+-----------+-----------+-----------+-----------+-----------+-----------+
|   169     |   342     |   169     |     0     |     0     |     0      |
+-----------+-----------+-----------+-----------+-----------+-----------+
|   169     |   339     |   169     |     0     |     0     |     0      |
+-----------+-----------+-----------+-----------+-----------+-----------+
|   169     |   341     |   169     |     0     |     0     |     0      |
+-----------+-----------+-----------+-----------+-----------+-----------+
|   170     |   340     |   169     |     0     |     1     |     1      |
+-----------+-----------+-----------+-----------+-----------+-----------+
|   172     |   345     |   172     |     0     |     0     |     0      |
+-----------+-----------+-----------+-----------+-----------+-----------+
|   173     |   347     |   173     |     0     |     0     |     0      |
+-----------+-----------+-----------+-----------+-----------+-----------+
|   173     |   348     |   173     |     0     |     0     |     0      |
+-----------+-----------+-----------+-----------+-----------+-----------+
|   174     |   349     |   174     |     0     |     0     |     0      |
+-----------+-----------+-----------+-----------+-----------+-----------+
|   174     |   346     |   173     |     0     |     1     |     1      |
+-----------+-----------+-----------+-----------+-----------+-----------+
|   174     |   350     |   174     |     0     |     0     |     0      |
+-----------+-----------+-----------+-----------+-----------+-----------+
|   175     |  2034     |    15     |    10     |   150     |   160      |
+-----------+-----------+-----------+-----------+-----------+-----------+
|   175     |   351     |   175     |     0     |     0     |     0      |
+-----------+-----------+-----------+-----------+-----------+-----------+
|   176     |   353     |   176     |     0     |     0     |     0      |
+-----------+-----------+-----------+-----------+-----------+-----------+
|   176     |   354     |   176     |     0     |     0     |     0      |
+-----------+-----------+-----------+-----------+-----------+-----------+
|   177     |  2017     |     8     |     7     |   162     |   169      |
+-----------+-----------+-----------+-----------+-----------+-----------+
|   177     |   355     |   176     |     0     |     1     |     1      |
+-----------+-----------+-----------+-----------+-----------+-----------+
|   178     |   362     |   178     |     0     |     0     |     0      |
+-----------+-----------+-----------+-----------+-----------+-----------+
|   179     |   358     |   177     |     1     |     1     |     2      |
+-----------+-----------+-----------+-----------+-----------+-----------+
|   179     |   356     |   177     |     0     |     2     |     2      |
+-----------+-----------+-----------+-----------+-----------+-----------+
|   181     |   361     |   178     |     1     |     2     |     3      |
+-----------+-----------+-----------+-----------+-----------+-----------+
|   181     |   363     |   179     |     1     |     1     |     2      |
+-----------+-----------+-----------+-----------+-----------+-----------+
|   181     |   364     |   180     |     0     |     1     |     1      |
+-----------+-----------+-----------+-----------+-----------+-----------+
|   182     |  2062     |    27     |    19     |   136     |   155      |
+-----------+-----------+-----------+-----------+-----------+-----------+
|   182     |   365     |   180     |     0     |     2     |     2      |
+-----------+-----------+-----------+-----------+-----------+-----------+
|   182     |   366     |   182     |     0     |     0     |     0      |
+-----------+-----------+-----------+-----------+-----------+-----------+
|   182     |   367     |   182     |     0     |     0     |     0      |
+-----------+-----------+-----------+-----------+-----------+-----------+
|   183     |   369     |   183     |     0     |     0     |     0      |
+-----------+-----------+-----------+-----------+-----------+-----------+
|   185     |   371     |   185     |     0     |     0     |     0      |
+-----------+-----------+-----------+-----------+-----------+-----------+
|   185     |   370     |   184     |     0     |     1     |     1      |
+-----------+-----------+-----------+-----------+-----------+-----------+
|   186     |   368     |   183     |     0     |     3     |     3      |
+-----------+-----------+-----------+-----------+-----------+-----------+
|   186     |   359     |   178     |     0     |     8     |     8      |
+-----------+-----------+-----------+-----------+-----------+-----------+
|   186     |   357     |   177     |     0     |     9     |     9      |
+-----------+-----------+-----------+-----------+-----------+-----------+


====================== Final Earth Army ===================== 
0 ES   0 ET   0 EG  1 HU

0.00 %(Infected_ES) 100.00 %(Dead_ES) 
100.00 %(Dead_ET) 100.00 %(Dead_EG)
92.86 %(Dead_HU) 

100.00 %(Dead_EarthUnits)

average of Df = 0.16
average of Dd = 1.55
average of Db = 1.71

Df/Db % = 9.56
Dd/Db % = 90.44
====================== Final Alien Army ===================== 
254 AS   61 AM   34 AD

8.96 %(Dead_AS) 17.57 %(Dead_AM) 29.17 %(Dead_AD)

12.97 %(Dead_AlienUnits)

average of Df = 4.52
average of Dd = 48.85
average of Db = 53.37

Df/Db % = 8.47
Dd/Db % = 91.53
====================== Final Ally Army ===================== 
0 SU 

0.00 %(Dead_SU) 

0.00 %(Dead_AllyUnits)

average of Df = 0 %
average of Dd = 0 %
average of Db = 0 %

Df/Db % = 0
Dd/Db % = 0
